44, 49, 55, 60, 7, 12, 17, 20, 23, 26, 29, 32, 35, 38, 62, 63, 1
44, 49, 55, 60, 7, 12, 17, 20, 23, 26, 29, 32, 35, 38, 39, 62, 63, 0
44, 49, 55, 60, 7, 12, 17, 20, 23, 26, 27, 29, 32, 35, 38, 62, 63, 0
44, 49, 55, 60, 7, 12, 17, 20, 23, 26, 29, 32, 35, 36, 38, 62, 63, 1
44, 49, 55, 60, 7, 12, 17, 20, 23, 24, 26, 29, 32, 35, 38, 62, 63, 1
44, 49, 55, 60, 7, 12, 17, 20, 23, 26, 29, 32, 33, 35, 38, 62, 63, 0
44, 49, 55, 60, 7, 12, 17, 20, 21, 23, 26, 29, 32, 35, 38, 62, 63, 0
44, 49, 55, 60, 7, 12, 17, 20, 21, 23, 26, 29, 32, 33, 35, 38, 62, 63, 0
44, 49, 52, 55, 60, 7, 12 ,17, 20, 23, 26, 29, 32, 35, 38, 39, 62, 63, 1
44, 49, 55, 57, 60, 7, 12, 17, 20, 23, 26, 27, 29, 32, 35, 38, 62, 63, 1
44, 49, 55, 60, 7, 12, 17, 20, 23, 26, 29, 30, 32, 35, 38, 62, 63, 1
44, 49, 55, 60, 7, 12, 17, 18, 20, 23, 26, 29, 32, 35, 38, 62, 63, 0
44, 49, 55, 60, 7, 12, 17, 20, 23, 24, 26, 29, 30, 32, 35, 38, 62, 63, 1
44, 49, 55, 60, 7, 12, 17, 18, 20, 23, 26, 29, 32, 35, 36, 38, 62, 63, 0